28
2
1
0
0
0
0
1
1
1
1
4
5
8
8
7
4
7
3
7
6
9
12
11
2
2
2
2
2
5
7
4
4
1
3
5
4
2
2
3
6
5
3
2
3
2
6
2
2
4
3
2
1
1
1
2
2
2
2
2
1
1
1
1
1
0
0
1
0
1
1
0
8
1
0
4
2
3
4
5
1
2
4
2
2
3
5
1
1
1
0
0
0
5
3
0
0
0
0
0
0
0
0
0
0
0
0
0
0
0
1
0
0
0
1
2
2
0
0
0
0
1
0
1
0
0
0
0
0
0
0
0
0
0
0
0
0
0
0
0
0
0
0
0
1
0
2
3
2
2
1
1
1
2
1
1
2
0
0
0
0
0
0
0
0
0
0
0
0
0
0
0
0
0
0
0
0
0
0
0
0
0
0
0
0
0
0
0
0
0
0
1
0
0
0
0
0
0
0
0
0
0
0
0
0
777
5
1
1
0
2
0
0
0
0
0
0
0
0
2
0
1
0
0
0
0
1
0
0
0
0
1
0
0
0
0
0
1
0
2
2
0
0
0
0
1
1
0
0
0
1
0
0
0
0
0
0
0
0
0
0
0
0
0
0
0
0
0
0
0
0
1
0
0
0
0
0
0
0
0
0
0
0
0
0
0
0
0
0
0
0
0
0
0
0
5
0
0
0
0
0
0
0
0
0
0
0
0
0
0
0
0
0
0
0
0
0
0
0
0
0
0
1
0
0
0
0
0
0
2
0
1
0
0
0
0
0
1
1
0
0
0
0
0
1
0
0
0
0
1
1
1
1
1
1
1
1
1
1
1
1
1
1
1
1
1
1
1
2
1
1
1
1
2
1
5
4
3
3
4
2
4
7
2
6
4
3
2
6
1
4
2
3
1
2
1
1
1
1
1
0
0
0
0
0
0
0
0
0
0
0
0
0
0
0
0
0
1
2
3
1
4
1
5
2
6
1
4
7
5
2
1
1
2
1
7
3
4
2
4
2
0
3
0
0
0
0
0
0
0
0
0
0
0
0
0
0
0
0
0
0
0
0
0
0
0
1
0
1
1
2
1
0
0
1
1
0
0
4
1
5
0
3
2
5
0
0
2
1
0
2
2
0
0
0
0
0
0
0
0
0
0
0
0
0
0
0
0
0
0
0
0
0
0
0
0
0
1
1
1
1
0
2
1
5
1
4
3
5
0
1
0
2
1
1
1
0
1
1
3
1
0
0
0
0
0
0
0
0
1
1
1
1
1
1
1
1
1
1
1
0
0
0
0
0
1
3
1
1
1
3
1
1
6
1
5
1
2
0
0
1
1
3
3
4
1
2
3
1
3
0
0
0
0
0
0
0
0
0
0
0
0
0
0
0
0
0
0
0
0
0
0
0
0
0
0
0
0
0
0
0
0
0
0
0
0
0
0
0
0
0
0
0
0
0
0
0
0
0
0
0
0
0
0
0
0
0
0
0
0
0
0
0
0
0
0
0
0
0
0
0
0
0
0
0
0
0
0
0
0
0
0
0
0
0
0
0
0
0
0
0
0
0
0
0
0
0
0
0
0
0
0
0
0
0
0
0
0
0
0
0
0
0
0
0
0
0
0
0
0
0
0
0
0
0
0
0
0
0
0
0
0
0
0
0
0
0
0
0
0
0
0
0
0
0
0
0
0
0
5
2
3
0
1
1
1
1
2
2
3
0
0
0
0
0
0
0
0
5
2
0
1
1
1
2
2
1
4
1
0
0
0
2
0
0
0
1
4
1
0
0
0
0
0
2
3
1
0
46
14
3
0
0
1
0
3
0
1
5
3
2
1
3
6
5
7
4
12
2
0
39
5
1
4
38
33
30
30
20
16
12
15
9
7
6
0
0
0
0
0
0
0
1
2
0
4
8
4
4
3
0
12
8
0
3
1
0
0
0
0
0
7
3
2
0
1
2
2
1
4
4
1
1
0
8
8
7
9
5
5
5
4
9
12
11
9
9
7
1
5
1
0
0
1
2
1
1
39
48
8
7
7
4
4
5
3
4
3
3
4
4
5
3
3
4
6
7
15
6
160
6
5
3
5
4
3
4
4
2
5
11
2
3
6
4
2
8
5
5
6
7
5
4
4
5
3
1
1
2
3
3
4
4
6
5
4
4
4
4
13
6
1
3
3
3
4
4
1
3
5
7
5
3
6
2
3
4
3
1
3
3
153
2
7
6
9
6
6
3
2
1
3
3
2
1
5
2
1
0
3
4
1
2
5
4
9
3
6
10
8
3
5
5
5
5
8
9
6
9
11
12
6
5
4
4
1
0
0
2
0
0
0
1
0
0
2
0
0
1
0
1
2
7
12
2
2
5
2
2
1
2
5
5
8
12
19
16
14
17
14
11
11
6
6
10
11
10
11
10
9
11
6
4
3
7
11
14
13
10
9
15
15
11
19
9
5
3
5
6
3
