100.106716
100.595835
94.295760
106.161277
111.645779
95.837191
104.567950
103.966818
104.145161
104.217265
104.120189
103.533951
103.123587
102.500310
101.733869
101.059964
99.956479
99.371426
99.229462
98.595635
97.557641
96.741839
96.335772
96.444111
95.762706
96.483678
96.312153
95.098093
93.986578
92.991188
91.867884
92.760622
92.775481
92.691676
92.572908
92.607679
92.400755
92.429715
93.185157
93.427378
93.545650
93.729295
94.626430
95.190818
95.705737
95.793507
95.763259
95.234775
94.371866
103.226388
91.980074
91.883289
93.384016
92.772853
92.898254
92.836309
91.768189
93.441768
102.023236
91.568131
100.092418
103.084338
87.779473
90.861142
93.615263
97.484111
99.301864
99.267675
99.283698
99.012516
98.855800
98.536723
98.492975
98.308063
98.012954
97.604129
97.383008
97.091514
97.018523
97.103426
96.964314
97.362028
97.486868
97.207976
96.729200
96.172331
95.827300
95.585578
95.726348
95.548911
95.133402
94.557199
93.965775
93.832116
94.025074
94.301239
94.157352
94.450513
94.748702
94.688170
94.432719
94.008859
93.731449
93.572264
93.284153
93.075188
92.891133
92.969665
92.925554
92.812690
92.688346
92.486080
91.970088
91.702877
91.132109
90.727274
90.437691
90.212314
90.479303
90.733223
91.131403
91.194270
91.275484
91.188029
91.273540
91.490237
91.829315
92.074379
92.175411
92.423103
91.872077
91.479804
79.886096
74.532978
69.956469
54.672431
12.671898
30.052404
103.305504
96.251321
91.336070
77.144612
72.092136
102.654752
92.173062
88.002040
84.225230
80.823104
76.600714
73.905294
71.905096
70.830899
70.902283
70.538178
69.977099
69.894864
70.720435
70.622008
70.321398
69.480954
70.441835
70.704509
72.474627
73.486724
77.010761
80.132514
83.732979
88.565622
101.487484
79.012453
82.394337
87.969440
85.584382
66.327476
60.748373
105.900565
103.519518
103.557487
103.883596
104.132770
104.151840
103.796354
102.929784
102.083493
101.130439
99.503521
98.738275
98.158822
98.026367
97.404009
97.529338
97.852158
97.880190
97.897120
98.286688
98.750422
99.014876
98.884474
98.681535
98.667098
99.710947
100.988442
101.665076
102.665284
104.554243
102.487610
91.345325
79.194549
87.293708
96.496785
103.410846
104.293255
104.469040
102.764359
98.839836
97.751193
96.938790
95.104101
93.572450
93.559160
92.726569
91.855014
92.057616
92.028906
90.864818
90.930287
92.330249
92.700940
93.640716
87.198545
87.753133
110.692899
115.164746
116.358893
117.294773
117.631087
117.432394
116.808535
116.082296
